5319562
6214331
5517306
6254696
6266445
6217100
6261492
6244470
6241909
6217633
6234124
6107746
6241432
6238933
6259473
6217577
6207980
6219694
6222440
6228691
6244300
6260737
6270755
6181036
6217486
5446058
6217646
6239923
6200009
6056230
6084546
6201804
6220389
6257722
6267763
6268698
6269440
6231237
5882233
5914681
6119897
6202753
6206439
6216894
6238369
6243636
6246525
6248995
6255667
6257793
6265239
6266082
6266092
6266630
6268127
6268190
6271287
6275090
6278320
6278789
6274568
6090051
6201707
6203643
6207596
6212148
6212463
6213628
6240598
6241823
6242612
6243703
6247967
6254435
6266596
6271565
6273149
6221381
6013375
6201186
6204592
6238112
6256592
6270946
5960551
6040742
6127431
6199503
6206392
6211037
6212603
6212853
6213659
6213801
6221961
6225891
6227521
6230629
6231338
6231418
6236559
6236634
6238113
6240267
6244939
6249411
6251236
6252232
6254126
6255093
6256093
6257955
6259721
6264091
6264721
6265315
6268474
6269319
6269552
6271016
6271828
6272167
6275127
6276659
6276884
6277014
6271584
6271935
6119655
6241895
6242931
6273045
5318119
6029029
6059478
6086185
6103724
6121677
6133782
6198602
6199287
6203934
6220888
6226644
6230250
6232022
6233598
6235974
6241933
6242032
6242579
6243353
6245671
6247497
6249974
6250742
6254569
6258696
6260388
6267847
6268665
6268874
6269220
6269909
6270560
6270875
6271125
6271135
6271145
6271221
6271504
6274057
6275857
6277345
6278079
6279032
6260993
6199161
6199245
6199169
6199236
6199142
6204199
6218113
6227812
6253312
6256868
6258426
6264928
5917871
5970321
6030633
6156561
6187066
6198988
6199017
6199590
6199722
6199961
6201563
6202222
6202484
6202502
6209321
6209757
6212462
6213745
6221853
6225181
6227027
6227958
6228485
6228779
6233370
6234068
6235589
6243875
6245283
6246399
6247953
6248645
6253632
6256543
6270189
6271185
6271678
6272344
6273902
6274058
6274517
6274718
6211536
6238455
6261396
6031090
6236690
6261625
6274480
6162978
6205378
6205532
6206395
6210491
6219799
6220462
6223476
6223631
6224173
6233858
6238617
6240910
6241311
6242430
6244308
6244398
6245727
6248110
6248286
6249230
6250598
6251257
6252017
6252520
6252751
6252761
6253194
6260270
6261326
6261788
6270032
6270269
6271894
6275266
6275835
6277135
6278484
6181888
6245868
6234834
6252839
6270940
5942155
6193896
6212399
6213278
6214970
6242417
6245779
6252708
6252744
6255420
6265565
5536841
5864900
5940420
5990891
6074903
6128749
6128917
6132238
6151545
6156133
6156527
6189697
6195832
6196740
6198539
6199488
6199805
6200446
6201043
6206916
6207865
6208748
6209184
6209367
6213853
6214561
6214977
6215070
6215201
6216408
6221071
6224032
6226789
6229729
6233488
6235175
6236137
6237532
6238103
6238651
6241877
6241899
6245832
6246979
6249206
6249273
6250666
6252545
6255004
6255496
6255843
6256172
6256396
6257198
6257597
6261113
6261243
6264603
6264657
6265549
6265553
6265594
6266561
6266701
6267049
6267187
6268350
6269016
6269919
6270957
6271050
6271487
6271945
6271980
6275180
6275887
6276922
6278634
6278687
6266643
6239705
6242790
6196576
6206921
6203551
6225345
5835204
5993184
6061279
6101840
6144604
6145224
6168176
6168864
6181088
6191106
6194325
6199556
6199566
6199716
6200673
6201206
6202764
6203587
6205555
6207775
6208648
6209535
6212845
6213073
6215597
6221643
6229915
6231407
6233330
6233951
6243772
6245035
6250139
6250555
6253263
6253266
6253933
6258300
6259086
6260140
6262991
6265448
6272182
6272547
6275267
6277868
6279105
6190445
5748242
6177896
6209199
5906468
5961828
6018212
6077562
6121034
6130860
6158665
6160908
6178074
6193807
6201724
6206612
6207062
6209477
6210852
6212843
6213091
6215749
6218765
6218876
6224136
6225139
6228239
6246215
6246243
6248478
6259221
6260833
6261144
6264735
6274474
6276024
6277977
6258181
5834863
6023082
6142088
6160338
6185124
6206934
6207063
6209990
6211474
6218236
6220704
6234462
6255334
6258030
6258047
6258638
6259528
6260780
6261544
6273759
6166056
6253513
5580839
6241636
5424497
5759374
5834743
5837285
5869203
5938128
5990018
6110695
6130495
6154717
6178751
6179174
6195777
6198858
6199644
6199929
6200538
6200564
6200599
6200826
6203912
6203942
6205234
6206820
6208081
6208231
6210412
6210870
6211879
6212747
6214095
6216414
6216428
6220762
6222044
6228471
6229884
6233901
6234360
6235573
6235869
6237009
6240177
6240235
6242921
6243462
6243899
6246541
6249578
6249694
6249811
6250803
6250806
6253868
6254178
6256185
6257015
6258250
6261634
6265052
6265081
6267307
6268155
6270748
6272425
6272966
6273064
6273237
6273239
6274703
6274764
6277953
6278597
6060850
6092037
6093756
6232719
6253540
6256471
6268367
6268911
6270566
6271220
6262031
6243240
5359959
5738545
5751787
5853176
5956822
6047479
6091322
6096731
6098512
6114484
6181587
6188088
6189006
6201585
6205730
6218118
6222011
6227004
6228574
6235840
6237796
6241138
6242374
6250651
6254053
6256358
6256461
6256803
6256855
6257108
6257167
6257952
6258367
6262951
6263500
6268123
6269705
6271947
6274705
6022437
6191477
6216439
6221122
6236897
6268832
6254344
6257557
6258065
6261636
6268732
6002098
6031884
6223875
6244836
6258231
6262287
6272480
5027660
5813550
5855249
6029698
6029980
6030173
6051982
6069603
6082331
6165509
6168951
6169218
6201408
6214384
6216123
6217562
6219210
6221427
6225452
6225751
6231023
6238166
6241187
6243613
6255484
6256170
6256720
6256737
6256869
6257360
6263730
6269374
6269398
6269505
6269786
6269892
6269964
6271146
6271914
6272470
6272818
6272947
6273217
6274112
6274221
6274231
6275020
6100567
6115300
6189074
6214945
6225861
6227250
6235615
6250161
6276928
6269818
6222700
5408789
5712012
5995261
6122251
6123723
6151497
6203941
6208072
6209603
6210760
6222656
6234889
6241778
6244745
6246072
6249253
6250020
6250026
6257087
6257339
6258350
6267758
6270804
6272536
6272974
6274139
6274203
6278751
5545276
5991130
6207784
6216067
6217207
6219941
6271539
5543957
5851222
6027112
6080387
6098768
6127045
6165418
6205446
6206210
6209116
6211315
6217367
6218958
6262535
6264016
6277754
6277312
6251512
6259140
6274981
5609542
5642830
5941997
5996848
6022665
6051997
6064473
6082233
6083867
6096559
6129530
6184389
6185000
6189554
6205633
6211535
6215791
6226043
6227840
6234212
6246094
6246862
6247478
6247895
6248614
6249311
6249314
6250476
6258851
6259091
6259378
6263832
6264002
6264322
6265276
6267076
6270803
6274042
6274077
6274355
6274520
6274920
6274945
6275513
6275708
6275719
6276535
6277088
6277175
6277227
6277295
6277338
6278108
6278534
6278750
6247818
6119817
6193333
6244806
6247740
6249790
6254444
6255823
6258900
5976593
6020412
6108328
6122188
6150407
6208370
6237016
6238129
6144679
5839473
6092822
6123902
6135463
6165942
6187128
6216454
6216754
6220121
6229849
6249977
6263678
6273366
6040208
6085814
6085818
6028862
5828868
5908380
6028430
6038133
6048205
6080334
6109333
6119927
6201775
6204427
6206314
6213985
6216134
6218875
6243599
6251493
5729824
5840811
6187581
6248483
6253118
4692466
6266389
6072138
6205142
6222903
6228196
6256948
6082317
6252126
6043786
6123583
6222453
6249427
6251506
6256189
6277565
6278683
5704203
6272673
5522858
5811895
6120900
6187520
6219804
6222724
6201437
4061024
