5051389
6203194
6226256
5686339
5977905
6057287
6257641
6240355
6227087
5203658
6266282
6268994
6208559
6260035
6260336
6238943
6229098
6220280
6210918
6213066
6217452
6240885
6245000
6218795
6225007
6010825
6160562
6235594
6238910
6268377
6268514
6268558
6268592
6270988
6204954
6209548
6199760
6208197
6216243
6225602
6241469
6242609
6257763
6263076
6265925
6268324
6274161
6259254
6262696
6258536
6157409
6203180
6229876
6250481
6255406
6258121
6258246
6259437
6261056
6261173
6262955
6267328
6267692
6270181
6274650
6258380
6263973
6272931
6218369
6221265
6220897
6239601
6208872
6239308
6254187
6258870
6026924
6037230
6043063
6051067
6108366
6124136
6188239
6200137
6204402
6205413
6207388
6208934
6211193
6214650
6220170
6221094
6222028
6225422
6227234
6227358
6229139
6234635
6234708
6248988
6251616
6252134
6253523
6256972
6257590
6262369
6264011
6265624
6274391
6276953
6226354
6225423
6205242
6217907
6137443
6229652
6265525
5683321
6085289
6215018
6215278
6215724
6216648
6217658
6217975
6218105
6218207
6218387
6218530
6219415
6222206
6223803
6224406
6225443
6225543
6226832
6226893
6227838
6229281
6229797
6231812
6237358
6238900
6264347
6264767
6268030
6268877
6270392
6276771
6277037
6278894
6269675
6263982
6271180
6276296
6278458
6271883
6216445
6228537
6235207
6242627
6247409
6247470
6247659
6253240
6255614
6258958
5367023
5775703
5957094
6009705
6110256
6111440
6118946
6150575
6155210
6196656
6198962
6204121
6207701
6207753
6215955
6220353
6221373
6223683
6225429
6225742
6228058
6230278
6233646
6239528
6243930
6246470
6246642
6248479
6250271
6252669
6253174
6255818
6256548
6257659
6257837
6258052
6258552
6258584
6258593
6258676
6259133
6259932
6262086
6267034
6267384
6270611
6271061
6271235
6271329
6274403
6274921
6275401
6275546
6275898
6277303
6210728
6248228
6260642
6232056
6232601
6233300
6242162
6253343
6255020
6249336
6255015
5640027
6229105
6236815
6250106
6252412
6253164
6277567
5993946
5998912
6005401
6027025
6157925
6167527
6173128
6195147
6199904
6202126
6203502
6203556
6204073
6208998
6212253
6224548
6224875
6226838
6227460
6230075
6230990
6236901
6240366
6241312
6242927
6242961
6243083
6244017
6244474
6245349
6248186
6249239
6249277
6249323
6249339
6249462
6249551
6249907
6250126
6250211
6250341
6250379
6250632
6251505
6252201
6252521
6253288
6254000
6254818
6254972
6255323
6255329
6255583
6255706
6255710
6255891
6256387
6258346
6259161
6261409
6264505
6266635
6267226
6271629
6271787
6272558
6273313
6273917
6273930
6274141
6275972
6276451
6277978
6278102
6278583
6278808
5513499
6237164
6260782
6268824
6275173
5815136
5857823
5892018
6021431
6043478
6087631
6128357
6165140
6194934
6195427
6200011
6200515
6201455
6212365
6213610
6217556
6219761
6220334
6220759
6220873
6221110
6221293
6221440
6221949
6222401
6224156
6225116
6231677
6234084
6237126
6238976
6243944
6247653
6247823
6248606
6248658
6249018
6249276
6249436
6249476
6249653
6250440
6251815
6252300
6254014
6254047
6256264
6257196
6257738
6259227
6261210
6261370
6262463
6265139
6265529
6266285
6266826
6267412
6268236
6269734
6269870
6271550
6273067
6273155
6274330
6275330
6275465
6275797
6276744
6276830
6276915
6277220
6277886
6277919
5997436
6264163
6270004
6224077
6269256
6205866
6224093
6224121
6224134
6224336
6269097
6269275
6269804
4601214
4641629
6054800
6086930
6105830
6144476
6181869
6189651
6191216
6199359
6202620
6203218
6206480
6206540
6207372
6208278
6215810
6216545
6222811
6224183
6224490
6224520
6224571
6225058
6227229
6235045
6238603
6239576
6240164
6246093
6249915
6251496
6252176
6253785
6254275
6255678
6261046
6261899
6262818
6264037
6264334
6264720
6267029
6267381
6269388
6269515
6269960
6270022
6271053
6271390
6271713
6271736
6271819
6272625
6273035
6273084
6273330
6273610
6274739
6275874
6276136
6278159
6278221
6278434
6269904
6259332
6242533
6274497
4998081
5050618
5424496
5677261
5765943
5820220
6009895
6128778
6157760
6174326
6174626
6181542
6182564
6190781
6204433
6205287
6215771
6216464
6216483
6218612
6221040
6221684
6222090
6222224
6224367
6224720
6226118
6226259
6229642
6233179
6235649
6240044
6240091
6242077
6243695
6246058
6252818
6255151
6255266
6256253
6256343
6256386
6256658
6260873
6261495
6262168
6265386
6267073
6268683
6269669
6269888
6269925
6273184
6208715
5001799
5376891
5759672
6168251
6200582
6204349
6206620
6212902
6214949
6216859
6246396
6252900
6253290
6254044
6255058
6256689
6259540
6261359
6261945
6271484
6276811
6200807
6201309
6240557
6260185
6200519
6202914
6238357
6276140
6277004
6230796
5025248
6146412
6199907
6226618
6234051
6234811
6234833
6235371
6235510
6239783
6239800
6241050
6242816
6244904
6248417
6262788
4661245
4875599
5002266
5009210
5010398
5104388
5159725
5191680
5343338
5354213
5370488
5385253
5459789
5466915
5500957
5562749
5604289
5623562
5631649
5645822
5680876
5733837
5743254
5781924
5790141
5792937
5848292
5854701
5933934
5941520
5964527
5969139
5986086
6010316
6052588
6056747
6110260
6123752
6123961
6135827
6142572
6151163
6157006
6158836
6159771
6179533
6183075
6196712
6200601
6201668
6202550
6203331
6204163
6204535
6205132
6205380
6205439
6205974
6206068
6206861
6207685
6207955
6211342
6211457
6213810
6215347
6215376
6216224
6216440
6216844
6216991
6218476
6218591
6218928
6219331
6219411
6219502
6221659
6222071
6222334
6223749
6224570
6226116
6226447
6227282
6229057
6229229
6229457
6229551
6229963
6230484
6230547
6231299
6232693
6235311
6235568
6237538
6238584
6239046
6239047
6239048
6239361
6239884
6240053
6240270
6241399
6241401
6242067
6245196
6245461
6249035
6249448
6251300
6253624
6253853
6255054
6255122
6255204
6255328
6256243
6258232
6259400
6259479
6260847
6261349
6261662
6262040
6262499
6264363
6264933
6265254
6265692
6266446
6266501
6267198
6268180
6268689
6272592
6272935
6273903
6275369
6275529
6275678
6275919
6276083
6276750
6277063
6277069
6277218
6277513
6277516
6277764
6277889
6277948
6278933
6248627
6138824
6144636
6229960
6241885
6248796
6267990
6268381
6269467
6269512
6275580
6261874
6025391
6276723
6227915
6272472
4565104
5379893
5760112
5838701
6023744
6045295
6128798
6141214
6143178
6144691
6181048
6182356
6184286
6196370
6198898
6201102
6208311
6217667
6218110
6218376
6222669
6223733
6224545
6228676
6229965
6235873
6238105
6243523
6247771
6248174
6248616
6249036
6250858
6250999
6251125
6253787
6255006
6257624
6260877
6261635
6265483
6266520
6269409
6272396
6276700
6277002
6277120
6277310
4744950
5332614
6075114
6135498
6203273
6215629
6237282
6239922
6263755
6264680
6264800
6266432
6267055
6269161
6269796
6274404
6277669
6239830
6271971
6274023
5244273
5562750
5576985
5657787
5708029
5818495
5959001
5960696
5966965
5984867
6012947
6026478
6066146
6077228
6085282
6126856
6127248
6130909
6135580
6142900
6160785
6161080
6164146
6174487
6175443
6192068
6202818
6204112
6207212
6209014
6211460
6212331
6213841
6214276
6215062
6215551
6215666
6216863
6219233
6219684
6220040
6220404
6222818
6225013
6225459
6227626
6229964
6230102
6230149
6231588
6231911
6233830
6234334
6234970
6235247
6235506
6235541
6235855
6236103
6237348
6237613
6237862
6238172
6238403
6238710
6239712
6239892
6239900
6242079
6242519
6242935
6243180
6243594
6244652
6244840
6246989
6248510
6248702
6249891
6250655
6252289
6253159
6253660
6255760
6256168
6256478
6259330
6263789
6263995
6264176
6264189
6264251
6264421
6264514
6264555
6270938
6272755
6272836
6273620
6273901
6274289
6274357
6274396
6278138
6278690
6278770
6278794
6278942
6279046
6237711
5524345
5803082
5861620
5868429
5974686
6098087
6181792
6243334
6253528
6225597
6241881
5391398
6009980
6249362
6251405
6258820
5019024
5105230
5196092
5343358
5371807
5404352
5657722
5676200
5676227
5676239
5739618
5773347
5799708
5821290
5986959
6027337
6062480
6075979
6078453
6120261
6128557
6140397
6146078
6175698
6187288
6205687
6206984
6210129
6211543
6213473
6216709
6217503
6224620
6226439
6229188
6230373
6230461
6231640
6231645
6235392
6235588
6237207
6237472
6239019
6239315
6241339
6241964
6241973
6248288
6249188
6249650
6249903
6251140
6253732
6254478
6255085
6255936
6255943
6256056
6258930
6271372
6272011
6276244
5257841
5648778
5651054
6237694
6247841
6258946
5993928
4583359
4658046
5143610
5233012
5558114
5722589
5724875
5855567
6012758
6091261
6119372
6141550
6151408
6164998
6174129
6191952
6196922
6199454
6200514
6203173
6203805
6205943
6207675
6208947
6209499
6210717
6215672
6215699
6226701
6226905
6228071
6229973
6230374
6231622
6234618
6234724
6235376
6235841
6235921
6237696
6237698
6239768
6240479
6243061
6243317
6243675
6246929
6247260
6248248
6249442
6250233
6256544
6257696
6275134
6276862
6277280
6277689
4976194
5016246
5629329
6060220
6190201
6213825
6215264
6210676
5635193
6258891
3504259
4551086
4833293
4841250
4931753
5039721
5651082
5658228
5701298
5722609
5766432
5806682
5855961
6043553
6045291
6066509
6072416
6102072
6102090
6128572
6137674
6138978
6169368
6172958
6178142
6182157
6199623
6201442
6202165
6202763
6203328
6203920
6205164
6207871
6213192
6217822
6222715
6223560
6225019
6225909
6227844
6229975
6230234
6232224
6232232
6234565
6237752
6239286
6243396
6243679
6243680
6249798
6259203
6259222
6259495
6259530
6260918
6261703
6261716
6262211
6268139
6269408
6271036
6271424
6275295
6276111
6277158
6278477
6124469
6278524
6258901
5563704
5631930
5664260
5806324
5874114
5886481
6082276
6139387
6243683
6245316
6245668
6258285
6259522
6262201
6274337
6275357
6277717
5391567
6234271
3855541
5297395
5351517
5639004
5739679
5759960
5868562
5887776
5993617
6008199
6045308
6063939
6072614
6073844
6162420
6200897
6203258
6232238
6256756
6262004
6267090
4846674
5721111
5847127
5986477
6071616
6071652
6072636
6072815
6199127
6208538
6210006
6230808
6234003
6234128
6249936
6252590
6144547
5694712
5756982
5779005
5830382
5971724
6000405
6189145
6275865
6276242
6256095
6242238
6252137
6252491
6275039
4876153
5558456
6011668
6059371
6125436
6140890
6142324
6147829
6149135
6151419
6153547
6200557
6234394
6241520
6249407
6250966
6251921
6252971
6253111
6257110
6260803
6267026
6267102
6271623
6274270
6275735
6275844
6275947
6276080
6277558
6278242
6278748
6189252
6231654
6232750
5540001
6179487
6225293
6228166
6253003
6253095
6253099
6254209
6255683
6255754
6259504
6260761
6267482
6267524
6270074
6275043
6275420
6274913
6276835
6276876
5600310
6160779
6201696
6214249
6241809
6243657
6249251
6253834
6267636
6275478
5473782
6249785
