5993256
6251991
6262975
6262977
6247347
6254333
6273384
6272072
5957570
6262522
6241148
6227893
6278883
5591578
6278841
3736065
5813317
5827381
6256207
6261223
6264262
6109165
6275143
6214331
6059452
6197849
6270645
5197458
6043903
5553970
6106500
4804966
6217935
6148899
6278270
4835028
6278152
6265034
6260202
6278132
6258188
6234874
6278018
6263787
6087016
6277925
6276303
6277912
3751569
6274359
6277845
6277840
6196619
6277828
6251647
6274214
6258622
6247789
6277799
6111040
6218977
6277789
5768543
5623098
6255768
5858103
3156593
6277692
3717253
6257447
6268439
4090809
6277650
6277643
5728783
5752773
6274783
6274969
6275391
6277586
5988228
6274481
6277587
5718338
6272557
6272585
5918182
6186166
6275604
6231360
6233238
6058721
6277482
6032786
6277479
6277475
6277461
5857938
5065629
6277427
3504675
4052818
6277361
6163104
6049032
5696443
6133885
6277291
5798807
6277255
6249301
6176090
4554757
6247698
6197005
6277079
6168580
6277078
6265757
6266404
6197747
6274941
6262380
6261572
6238249
6276157
6276213
6277026
6277009
6271158
6277000
6268087
6276991
4676988
5022523
6276979
6195055
6230587
6276945
6276933
5213058
5965489
6273203
3292225
5060081
6260930
6189091
6236225
4544886
6258196
6276743
6119859
6276725
6126572
4018606
6254594
6181141
6194599
6263414
6276678
6274050
6271940
6276660
6141044
4386084
3369881
5310973
6267926
6188760
6163090
5445790
6241563
6276502
6276466
6276465
5817017
6190167
6039297
4792422
6183121
6276364
6248819
6276337
6263951
6276261
6276153
5838199
6276132
6276122
6276118
6276105
6276103
6276060
5902242
6108205
5734380
5267675
6275871
6167047
6102158
6275823
6275819
6195112
6275804
6266298
6275792
6275707
6275701
6275696
6139303
6275612
6275544
6275477
6115178
6275433
5924006
5727372
6103101
6275385
6023666
6023665
6275347
6021816
6275302
6275294
5586308
6275278
5699731
6275205
6274966
6023668
6023670
6226425
6232204
6275089
6275017
6242316
6236900
6274971
6274929
6274925
6274892
6274875
6222588
6226493
6274851
6274748
6274732
6274692
6243193
6274559
6274470
6096591
6274538
5354330
5408759
6122721
5557751
6274477
6274263
6274439
5354322
6099233
6267287
6274381
6057714
5937018
5233352
6274259
6274260
6261171
6271508
6279081
6196731
6148319
6279113
5976048
6218133
6081593
6201164
6211337
6215500
6224445
3986640
5248809
5741225
5771806
5771809
6159001
6236828
4395117
5937096
3986691
4160068
4389087
5036614
5591822
5741230
5852905
6107162
6107223
5248499
6268259
3791138
4248392
5442227
5583148
6026353
6107277
6200479
6223038
6236832
6266354
6272414
6230585
4582731
5591838
5193020
5563511
6106976
3204605
4389095
4900124
6106990
6239173
4832531
5601310
5574843
5639477
6247116
6208893
6207402
6251748
6265937
6271354
6247438
6260999
6260437
6048772
6249829
6199944
6251373
6211993
6233594
6260373
6267058
6160237
6208491
6211508
6216207
6216727
6230159
6223455
6266469
6204985
6227182
6213583
6247717
6198470
6204907
6179744
6202953
6224830
6229930
6240541
6271442
6176923
6200888
6237845
6239400
6250424
6250921
6255057
6270265
6271128
6231995
6232131
6269773
6201550
6210361
5164750
6100143
6165512
6206206
6208261
6210604
6239989
6246760
6249297
6249767
6252731
6253242
6260745
6261222
6263665
6132580
6203906
6218538
6231720
6242082
6246104
6271725
6248080
6223823
6231661
6237554
5750365
6140951
6199884
6205409
6209330
6209493
6212353
6212415
6215253
6215873
6220925
6226467
6228087
6229928
6233305
6233422
6234389
6236738
6238641
6239341
6240764
6243390
6245121
6251984
6257236
6262223
6265171
6265580
6266377
5871998
5887667
6060604
6123102
6179553
6205586
6206787
6209807
6215022
6249963
6250737
6253651
6256003
6256298
6257646
6257949
6262397
6263759
6264917
6265269
6265706
6246102
6240085
5976753
6099307
6203995
5806358
6161012
6178126
6202478
6208807
6210251
6210794
6216127
6224821
6225110
6230334
6231522
6233045
6234024
6234276
6235363
6236797
6240602
6240742
6241772
6242865
6243768
6245615
6246278
6247395
6247903
6248996
6249267
6249295
6249344
6249674
6250090
6251513
6256976
6264271
6270116
6203633
6267849
6231245
6221930
6248519
6250241
6250318
5887348
6131631
6145671
6176343
6177618
6203225
6206666
6208294
6210974
6211664
6213614
6213900
6214125
6215866
6220711
6222498
6222529
6223533
6223655
6224604
6224655
6225850
6234598
6239499
6242630
6244248
6244764
6247880
6248239
6248422
6248522
6248683
6249403
6249469
6249824
6250408
6250929
6252034
6252624
6252827
6255184
6255575
6258445
6258454
6259968
6260048
6263616
6264574
6266992
6267366
6267552
6268530
6270289
6271671
6260650
6239224
6251296
6268246
6258186
5843822
6166010
6226754
6229775
6241861
6243747
6250289
6252656
6256725
5806943
5826976
5917186
6034575
6037411
6159746
6180506
6197663
6199139
6200838
6201291
6205145
6207698
6208232
6208235
6208792
6211039
6219860
6222982
6223497
6224291
6226538
6226659
6229070
6229650
6231735
6231742
6233491
6235331
6235917
6236490
6237699
6238185
6238450
6239828
6240383
6243263
6244743
6245458
6245638
6247906
6247974
6247987
6248137
6248815
6248941
6249543
6249693
6250631
6251830
6252075
6252789
6259697
6260856
6265727
6266788
6267048
6267281
6267954
6268868
6268914
6269221
6271248
6203001
6247873
5862114
6099797
6216624
6233939
5799255
5970004
6123759
6177435
6205728
6207842
6208522
6211272
6212188
6212641
6212697
6212734
6213305
6214424
6215460
6215495
6215587
6216043
6216601
6218677
6219419
6219777
6219861
6221085
6222384
6222549
6225712
6227107
6230624
6231289
6232730
6234852
6234882
6237615
6238963
6240033
6242353
6247678
6247850
6248318
6249545
6254189
6255169
6255474
6256762
6259503
6260122
6262434
6267747
6132403
6255584
6215068
6204764
6207439
6235610
6257197
6271123
5956295
5967597
6203329
6205217
6225690
6240496
6242825
6251557
6253589
6255126
6255342
6261353
6269195
4703937
5063698
5376027
5777682
5864229
5948721
5991068
5993266
6028236
6043265
6044564
6083269
6094999
6126105
6130617
6131658
6148171
6152367
6153325
6162892
6168348
6172790
6180196
6199683
6203221
6204413
6205313
6205696
6206911
6206964
6207726
6207727
6209858
6211522
6212206
6212283
6212329
6215222
6215413
6215667
6216429
6216948
6218392
6219163
6221105
6221109
6224153
6224366
6226753
6227218
6227359
6228114
6229307
6230299
6230556
6231113
6231886
6232779
6232787
6233869
6235019
6235308
6235336
6235546
6235631
6235884
6236219
6236567
6237203
6237230
6237464
6238208
6238755
6238758
6239999
6241358
6241586
6241913
6241982
6242153
6242352
6242378
6242794
6242960
6243312
6243472
6244217
6245085
6245219
6245291
6245806
6246328
6247628
6248785
6248847
6249026
6249246
6249388
6249479
6250992
6251658
6252787
6253559
6253587
6253800
6253807
6254320
6254671
6255308
6255366
6255573
6255597
6255610
6256259
6256428
6256462
6256564
6257432
6257445
6257462
6258323
6258824
6259419
6260534
6260914
6264385
6265054
6265470
6268653
6269110
6269543
6269606
6269709
6270387
6271412
6271433
6271856
6271899
6272135
6272629
6274174
6268356
6209487
6249242
6252325
5806970
6150120
6168488
6200886
6202085
6207178
6211234
6221843
6231067
6231104
6232206
6240413
6243198
6246673
6252084
6253325
6255656
6256523
6256601
6256967
6267093
6233610
6237275
6245302
6256285
6255942
6236703
6271004
6014043
5985641
5992749
6167634
6189205
6211054
6211364
6220780
6221929
6236156
6252121
6262562
6266926
6270280
6272214
6272778
6274204
3173949
5511114
5726109
5797744
5833550
5840640
5854020
5856329
5858148
5898279
5969520
6002896
6005859
6006925
6013909
6016958
6044715
6045661
6047930
6066847
6093503
6098945
6101337
6122143
6125675
6143128
6148847
6158773
6180586
6183410
6186257
6197084
6200372
6202241
6202711
6203203
6205657
6206653
6207137
6209024
6209274
6209530
6210447
6211003
6211173
6211876
6212332
6213157
6213831
6214269
6214346
6214993
6215187
6215287
6215412
6215921
6216260
6218741
6220024
6221434
6222235
6222518
6223595
6224637
6226622
6228090
6228653
6229051
6229131
6229152
6229182
6229467
6229816
6229889
6230242
6230465
6230627
6231291
6231481
6234293
6234684
6235909
6236909
6236983
6237612
6237931
6238139
6239122
6239445
6240350
6240812
6240991
6244163
6244207
6244842
6245333
6245426
6245714
6245717
6246008
6246978
6247565
6248662
6248945
6249500
6249665
6249752
6249845
6249850
6249881
6250124
6250222
6250586
6251284
6251779
6252170
6252394
6252609
6253046
6253526
6255450
6255789
6255868
6255950
6255981
6257919
6258161
6259481
6260186
6261139
6261714
6263765
6264069
6264202
6266408
6267283
6267571
6268707
6268754
6269014
6269353
6271311
6271771
6272647
6272717
6272765
6272905
6273018
6273975
5765950
6260810
6265009
5960650
6239907
6272957
5459646
5714953
5775846
5956839
5978078
5996811
6021820
6026622
6028588
6055745
6069451
6075894
6077485
6094760
6111069
6121017
6198245
6203775
6208472
6208852
6209776
6213112
6213987
6214339
6214986
6215166
6215218
6215675
6218047
6221818
6222059
6222388
6222486
6226424
6226674
6226743
6227223
6228235
6229122
6230087
6231416
6234357
6234380
6236012
6236714
6236737
6236754
6236845
6237098
6237174
6237247
6237416
6237429
6237522
6237974
6238153
6238242
6238338
6239179
6239233
6239403
6239848
6240870
6241139
6242831
6245819
6249333
6249696
6249777
6251669
6251673
6252033
6252077
6252264
6253301
6256705
6258031
6259506
6260075
6262114
6263868
6264985
6266330
6270160
6207078
6216283
6237460
6240606
6253262
6258803
6259642
6261726
6210922
6260816
5890714
6202422
6222834
6224621
6228155
6242427
4954136
5234633
5372339
5623899
5628805
5766877
5791936
5814855
5831465
5838357
5842225
5867418
5925527
5940651
5943244
5943610
5958469
6009679
6011061
6011833
6027665
6080939
6084285
6094368
6098054
6104792
6105432
6107971
6121041
6122674
6131927
6140647
6141935
6148332
6149112
6156498
6164112
6171904
6173194
6174770
6176145
6178433
6190762
6202871
6203223
6206809
6207327
6209079
6215262
6215909
6216486
6218165
6219438
6219765
6221467
6222129
6222355
6222443
6222589
6222844
6223840
6223911
6224903
6225308
6225463
6227387
6230053
6231300
6234290
6234444
6235066
6235287
6235932
6236988
6236997
6237002
6237073
6237132
6237406
6237505
6237748
6238318
6238612
6238615
6239280
6239711
6239934
6240908
6240946
6240969
6242279
6243850
6244786
6246083
6247460
6248700
6248709
6249208
6249892
6250531
6252366
6252660
6253931
6254034
6255677
6255848
6256012
6258129
6258580
6258612
6259756
6260207
6260426
6260598
6261064
6261067
6261302
6261456
6261490
6261653
6261690
6261987
6262285
6263029
6263749
6264393
6264497
6268493
6268598
6269498
6270279
6270668
6271869
6273048
6273511
5390939
5496726
5594990
5725025
6070329
6136072
6180275
6201007
6208463
6209335
6218009
6225238
6229910
6247582
6270433
5631202
6167039
6244772
6272868
5295647
5612863
5751573
5763036
5763374
5776653
5825297
5827322
5947191
5955008
5980098
6039787
6056089
6076216
6087518
6088030
6095174
6166355
6177894
6199627
6205288
6205960
6206292
6207219
6208011
6210275
6211053
6211493
6215411
6219133
6221894
6222020
6223945
6224069
6225175
6225601
6227352
6231021
6231532
6231732
6232441
6232575
6232890
6233026
6233172
6233363
6233992
6234352
6235408
6235761
6235778
6236847
6236923
6237292
6238000
6238131
6238275
6238989
6239110
6239177
6240934
6240971
6242804
6244966
6244978
6246253
6248408
6248434
6248460
6249282
6249795
6250263
6252603
6253323
6253518
6253828
6255619
6256481
6256690
6256958
6258865
6259325
6259761
6260071
6260985
6261212
6261925
6261986
6262120
6262254
6262895
6263894
6268297
6269358
6271689
6274163
5743017
6056055
6199793
6207210
6233368
6239168
6244708
6247169
6256792
6264470
6266213
6269008
6244982
6204553
6206985
6266888
5725675
6187525
6189840
6209770
6228240
5670086
5762698
5837108
5902541
5985049
5988246
5992177
5993353
6024976
6031224
6055281
6066664
6080946
6090413
6098108
6145479
6178560
6200505
6200608
6201612
6203667
6205055
6205356
6207948
6216328
6217426
6218751
6225695
6228021
6229299
6229302
6236054
6236746
6238127
6238281
6242091
6243392
6243625
6244646
6244733
6245055
6245058
6245234
6247584
6249515
6252177
6253711
6257132
6257195
6257430
6257551
6259369
6260510
6261846
6261929
6263871
6263920
6264450
6264957
6265836
6267112
6267452
6220070
6247624
6125649
6125677
6130968
6225469
6267161
6236477
6244600
6244964
5005498
5048378
5346036
5355683
5395363
5512189
5579330
5672900
5757736
5761890
5767179
5806521
5836286
5861742
5864379
5892238
5955373
5960353
5965419
5973201
5974163
5978977
5982418
5990488
6012544
6019813
6025230
6041750
6044396
6099177
6103463
6104109
6111315
6122315
6135270
6136634
6136771
6140459
6148176
6148293
6149750
6151142
6162084
6173696
6175364
6175780
6185293
6194638
6199688
6201342
6201416
6204788
6204795
6205559
6207294
6208691
6209358
6209418
6209427
6211782
6212607
6215968
6216653
6216898
6219620
6220078
6220426
6221124
6223637
6223919
6224304
6225158
6228174
6228201
6228212
6228213
6229463
6231325
6231675
6232459
6232876
6235036
6235395
6236175
6236697
6236722
6236774
6237875
6238389
6239264
6240202
6243426
6243476
6243792
6245032
6245308
6245510
6245622
6249437
6249793
6249807
6250290
6250645
6251593
6252544
6253675
6254627
6256346
6258229
6258506
6260353
6260503
6260658
6260997
6261263
6261883
6262071
6262794
6262881
6264157
6264456
6265539
6265763
6267062
6267078
6267367
6268206
6269348
6269376
6270229
6270260
6271097
6271124
6272188
6273075
6273857
6273872
6209076
5232677
5979501
6073603
6103339
6149061
6208530
6213522
5984637
6228133
5665511
5839273
5855125
5926026
5938972
5944420
5963108
6033699
6062846
6075564
6091601
6092285
6094184
6096046
6119765
6133456
6157981
6168145
6171569
6186152
6199777
6200798
6201148
6221872
6223055
6227887
6228948
6229044
6229153
6242897
6243105
6249012
6251245
6252204
6257642
6258574
6264546
6264626
6272391
6272849
5825847
5996927
6232016
5639620
5640660
5698677
5792853
5845379
5858467
5979648
5984231
5996483
6007829
6011304
6041345
6050031
6112391
6119574
6119596
6126600
6155248
6190263
6206470
6209376
6223087
6225085
6228742
6231664
6231872
6232240
6239104
6241888
6245879
6250809
6257410
6257873
6257987
6263970
6241003
6238312
6118336
5601209
5990994
6250372
4977228
5605760
5619286
5829697
5917073
5919247
5984077
5984245
5984505
5990777
5993023
6001954
6002906
6003146
6007812
6007901
6010200
6017040
6017676
6017814
6020264
6028015
6050559
6052260
6073308
6079071
6080389
6094107
6096356
6111121
6116072
6124437
6152973
6187047
6212114
6212454
6213018
6215134
6216244
6217359
6218969
6220839
6220856
6221053
6221188
6221657
6222062
6222504
6224057
6225359
6225425
6226579
6231846
6232899
6237044
6242014
6242270
6242400
6243482
6250924
6253275
6256717
6257527
6259250
6264733
6266205
6201737
4790380
6203070
6209433
6217361
6240575
6241497
6264368
6272769
6029940
6205843
6224626
6266394
6271131
5282574
5423304
5506921
5569975
5688028
5857499
5858728
5997337
5997608
6004609
6004642
6005791
6006692
6012814
6034578
6046009
6047343
6049119
6063320
6077566
6081052
6082613
6088489
6089259
6091551
6091712
6092056
6093985
6112065
6130235
6141883
6146307
6159604
6167463
6168892
6200297
6202380
6203199
6203359
6204650
6206203
6206377
6213103
6216060
6218956
6222118
6222683
6223064
6224047
6226583
6228234
6228677
6230222
6235396
6246676
6250627
6250884
6251765
6255542
6258578
6260506
6260980
6261134
6261347
6261486
6261689
6262401
6262778
6263753
6263834
6264910
6268182
6269173
6271112
6272437
6272487
5907937
6074991
6164094
6183433
6199672
6218885
6233868
6235342
6258464
6265521
2043645
4926484
5489836
5539660
5788491
5788733
5793907
5801982
5818994
5887646
6075805
6076396
6080817
6085930
6121227
6125486
6137422
6219668
6219992
6223977
6226515
6230497
6233310
6241027
6243710
6245941
6249406
6253122
6258244
6258827
6262134
6265257
6265587
6272514
5864333
6204554
6206852
6218507
6235624
6242307
6267413
6200042
5488731
5799374
5812240
5847037
6056787
6073328
6093652
6124029
6124145
6176053
6198973
6199849
6221539
6262763
6266922
6272471
6272681
5409892
5585155
5612368
5739168
5790254
5824609
5918777
5923488
6051547
6066390
6078928
6081456
6092031
6105683
6111186
6114893
6118035
6126279
6152021
6162616
6183821
6199728
6201335
6201402
6206844
6206879
6208048
6208056
6208723
6209466
6210473
6212736
6213323
6213441
6216723
6221977
6224001
6234901
6237706
6239178
6240452
6242102
6242563
6245092
6247725
6251805
6253929
6254460
6255522
6256697
6260791
6265101
6265709
6267762
6070812
6199798
6200005
6201224
6209020
5104485
6223406
6236748
5941315
6033813
6086543
6238207
6252550
6236862
5606249
6001723
6205940
6262875
4848842
5692502
5805449
5938879
6016568
6034402
6056035
6085185
6106867
6115789
6119657
6129123
6140126
6175483
6178374
6205561
6245775
6261479
6261483
6269978
6237408
5695505
5268389
5532111
6023191
6256407
6237034
4546057
5275959
5300491
5474381
5701670
5818619
5837473
5916682
5933466
5938658
5960393
6013953
6023253
6063350
6063554
6122185
6128230
6164055
6194904
6218223
6237922
6238243
6239533
6250782
6261474
6268569
6272566
6002681
6178894
6012869
6106999
6185020
6270591
6270989
5375764
6008263
6011510
6038138
6038221
6053305
6232137
6256682
5960835
5991129
6012725
6137212
6183108
6260770
6269044
5907139
4848653
4848510
5980649
6205816
6253536
6245602
5912907
6077263
5963900
5965610
6040279
6055794
6056379
6077661
6080534
6173578
6185191
