6022133
3951829
4972323
3700398
3783700
3817281
4360166
4912398
5243132
6029005
5853449
6224445
4401857
6210020
2861475
3872432
4018606
4090809
4698575
5060081
5065629
5635703
5771809
5930612
6217599
6228975
6255700
6265716
3504675
5385734
3791138
4709493
5583148
5615665
6163104
6176947
4804966
6128983
6167121
6277066
6106976
4996362
5867185
6228223
4832531
5601310
6228757
6250470
6273622
5725171
6227246
6234673
4544886
6258722
6270760
6223455
6260393
6266469
6120510
6121318
6134208
6216142
6226448
6237147
6248155
6198470
6247727
6202187
6202381
6213847
6207615
6253793
6262610
6271442
6274496
6264934
6212811
5704639
6206644
6240830
6276396
6235508
6019349
6222188
5770249
5991970
6206939
6211926
6220477
6240169
6240527
6246168
6254661
6255189
6258295
6262861
6263020
6267136
6271483
6273909
6274272
6274284
6275352
6066583
6077895
6211633
6219202
6225402
6244055
6245405
6259011
6202313
6203481
6203553
6209405
6218654
6219840
6242486
6250498
6255814
6260747
6114820
6199268
6199343
6273247
6164802
6198641
6202129
6203164
6207670
6207819
6218005
6228065
6245761
6251312
6261318
6261590
6274997
6239432
5931549
6204306
6213344
6228386
6246604
6251472
6254396
6255002
6256003
6258394
6262312
6267613
6276354
6257292
6126558
6132947
6193515
6199707
6210233
6234148
6241041
6253604
6258032
5825997
5833826
5953658
6038963
6047261
6087114
6116239
6139315
6139466
6157875
6202247
6206357
6211418
6211458
6221459
6239668
6239946
6240422
6240637
6243028
6245586
6253724
6257363
6257467
6264271
6270256
6271052
6272307
6272553
6274225
6278920
6273255
6228124
6276071
6168144
6173794
6177311
6184217
6199412
6200243
6200454
6201173
6204117
6206454
6218237
6219475
6223713
6224501
6226885
6229533
6236211
6237610
6238505
6242093
6242098
6243032
6243275
6244248
6252827
6252931
6254994
6256895
6260091
6263007
6265795
6266949
6267211
6268101
6268252
6268959
6271357
6271515
6272074
6273200
6200852
6249319
6266272
6178775
6197524
6205103
6206473
6241110
6250753
6250868
6272314
5735727
5891897
5974702
6046669
6118939
6149644
6169788
6174311
6196834
6202925
6205518
6209264
6210185
6211082
6211432
6212760
6216045
6219369
6220657
6220886
6221480
6221492
6221721
6224154
6224470
6230597
6230720
6232785
6234544
6235096
6237086
6238509
6238706
6238756
6239917
6242432
6245577
6245725
6247780
6249950
6250117
6250942
6252342
6253806
6254341
6255756
6256247
6258212
6258296
6259690
6263391
6263514
6263606
6265616
6267962
6268120
6268316
6268787
6268845
6269270
6269652
6269673
6270944
6271164
6271277
6271341
6271650
6272181
6272929
6274105
6276920
6219597
6259233
6159113
6238048
6255791
6264742
6233939
6261686
6275514
4715666
6154330
6199480
6199607
6200654
6204082
6205173
6212275
6223602
6225287
6225313
6231562
6232656
6236013
6239578
6243719
6245507
6247729
6250674
6250731
6250828
6251801
6252263
6255169
6256581
6259124
6260512
6261704
6262686
6264356
6259494
5703445
6169773
6175754
6201453
6202546
6206646
6235316
6237735
6254175
6255396
6257540
6260472
6268836
6279123
6203204
6230140
6261790
6269516
6274526
6279078
6268326
6262635
6195913
6200718
6205204
6214090
6222614
6232320
6234482
6237546
6243085
6243639
6252193
6258765
5767355
5864043
5910966
5932369
5997417
6005659
6026889
6080826
6190493
6200169
6200283
6202329
6203665
6204953
6206515
6207993
6211367
6211435
6212297
6212438
6212795
6213096
6213908
6214193
6215100
6215147
6217217
6221396
6221969
6222244
6224917
6226437
6226622
6227048
6227469
6230273
6235417
6235662
6248721
6249845
6250442
6251812
6252392
6255451
6255904
6255964
6256403
6258291
6258650
6260438
6260930
6262450
6263241
6263742
6263833
6264718
6268163
6268692
6272717
6273092
6274260
6274273
6275819
6277041
6277840
6278812
6205353
6093586
6203482
6209267
6209298
6249343
6262421
6269205
6199522
4928637
6041495
6216062
6250692
5638461
5761190
5763598
5955269
5956839
6028574
6058643
6066924
6073539
6080950
6176836
6181675
6189237
6191465
6194360
6197704
6200299
6200316
6201644
6202676
6203108
6204041
6205608
6208578
6209904
6211090
6211721
6213987
6214607
6215493
6218970
6221936
6224910
6226472
6226661
6227479
6227632
6228235
6229074
6229154
6231696
6232759
6237655
6240364
6241373
6243403
6243621
6243828
6245205
6252952
6254112
6255974
6256923
6258706
6259089
6259763
6260017
6261378
6264248
6267388
6277451
6278753
6278990
6257243
6275343
6127240
6069694
6207078
6230303
6237598
6240407
6243473
6246350
6257020
6257923
6257929
6258320
6259737
6259749
6261726
6271909
6234415
6199043
6199046
5253482
6076095
6234999
6235979
6238270
6274812
4812889
5356905
5623899
5776452
5857776
5932235
5943244
5982805
5983576
6047156
6057375
6059452
6070137
6091932
6105456
6110165
6123178
6126705
6133325
6143640
6147505
6148281
6158790
6168413
6170651
6178598
6185176
6188999
6190602
6198055
6199362
6199499
6200635
6200784
6200816
6201136
6203962
6206178
6207009
6207715
6208848
6213186
6216054
6216684
6218830
6219438
6222443
6223840
6223959
6225536
6228211
6235133
6236917
6237081
6237296
6237802
6239214
6239382
6239535
6242526
6243754
6245332
6247669
6247680
6248590
6250435
6250531
6251074
6252434
6252458
6252582
6252882
6254073
6254160
6254970
6256288
6256547
6256956
6257190
6258928
6261436
6262101
6263302
6264296
6264633
6264736
6265049
6265436
6266174
6266491
6266554
6266653
6266806
6268138
6268598
6268839
6269334
6269657
6270096
6271158
6272780
6273511
6273581
6274232
6274727
6275243
6275593
6278119
5710569
6055300
6070329
6112129
6134467
6180275
6192254
6234978
6146580
5918990
6216467
6235051
6244916
6264107
5427977
5443648
5671123
5671893
5870205
5899849
5931379
5944667
5961236
5991162
6010702
6010710
6049749
6098367
6098377
6135672
6157378
6168150
6179696
6183200
6185262
6186162
6186994
6195228
6195330
6200577
6200818
6200870
6201208
6201286
6202980
6203405
6205288
6206807
6208228
6210275
6211053
6211493
6212294
6214621
6224934
6225230
6225479
6227723
6230061
6231021
6231181
6231353
6234717
6235143
6236928
6237946
6238524
6238662
6239544
6240239
6242401
6244136
6244978
6247756
6248354
6248733
6248833
6252637
6253302
6254528
6255164
6259761
6262895
6263818
6268153
6269236
6269472
6271231
6271336
6271626
6271822
6272604
6273230
6273848
6274104
6276016
6276157
6277587
6277805
6274783
6114519
6197005
6199793
6204668
6233368
6244708
6245780
6255100
6256792
6275544
6244982
6204754
5725675
6222492
6224006
6227852
1804659
5204882
5483202
5494026
5608739
5640053
5670682
5676100
5708645
5767745
5778157
5778430
5784673
6049424
6062472
6065537
6110451
6131975
6133453
6143074
6145479
6157778
6183838
6186701
6199214
6200883
6201307
6201612
6203667
6212335
6213359
6214546
6215555
6216537
6220215
6223102
6223118
6224532
6226845
6229299
6229712
6235261
6241043
6242151
6244646
6256922
6257551
6261760
6261929
6262889
6262976
6263871
6263920
6267205
6272611
6272826
6275679
3766068
6203752
6244499
6245214
6245833
6246212
6246692
6246855
6254096
6256236
6259370
6271476
6274212
6176558
6259154
5821508
6222312
6222471
6253865
6256640
6272775
6278878
4657461
5359897
5395363
5463866
5670151
5722878
5761890
5787595
5805304
5806521
5858053
5881029
6020935
6025635
6031946
6033562
6101325
6127402
6145322
6145390
6146545
6146716
6150549
6159445
6165256
6171849
6171870
6172390
6177424
6190122
6194638
6201760
6201935
6202483
6203651
6205731
6209427
6213570
6215398
6215592
6215610
6215752
6216653
6219692
6225566
6226493
6228212
6229275
6229283
6229366
6229479
6231675
6235429
6237884
6240228
6240261
6240965
6241468
6243426
6243459
6243908
6244751
6245622
6246351
6248044
6248045
6248875
6249437
6249784
6249793
6257599
6257702
6257972
6259125
6259535
6260521
6262184
6262794
6263951
6265763
6268097
6270469
6271295
6271472
6271656
6271879
6272183
6272999
6273161
6274167
6274948
6276678
6199033
6223708
6073603
6085313
6149061
6175984
6126754
6241876
6274506
4768498
5569384
5958523
5963108
6000221
6091924
6098172
6098389
6098393
6146113
6152606
6164069
6199777
6231477
6232867
6233223
6249012
6257704
6258574
6261561
6263515
6266510
6270703
6271387
6275347
6275471
6279107
6110097
6253752
5640660
5733958
5792853
5855214
5885750
5913975
5916462
6126600
6168462
6181367
6195112
6206202
6206470
6208180
6209376
6211122
6211635
6224975
6240301
6241888
6256745
6257410
6257987
6271459
6272612
6273154
6246896
6250372
5027914
5696150
5816393
5917073
6009969
6077450
6079071
6109816
6224057
6226582
6232899
6237044
6239044
6241563
6242014
6242270
6242400
6243208
6256717
6264733
6268307
6269054
6201737
6242013
5938579
6206804
6208031
6209433
6264368
4667908
5022581
5457058
5457069
5630856
5872302
5926760
5954738
5978138
6005791
6017808
6024070
6047343
6049119
6072995
6073383
6086351
6088489
6089262
6092889
6093985
6098064
6106012
6123293
6131427
6146307
6159604
6164157
6171841
6187158
6189586
6202250
6202616
6205521
6218956
6220866
6221871
6222683
6223064
6223797
6231699
6232812
6235396
6237142
6239733
6242820
6245644
6245663
6249248
6251342
6253007
6267846
6268287
6269173
6275232
5455133
5857407
5943132
5965854
6010267
6199666
6202279
6216477
6217158
6217175
6218527
6218885
6218924
6252499
6252584
6273584
6273591
6274578
6274910
6249911
5707798
5766077
5774844
5793907
5794606
5877154
5899061
5947024
6044275
6112353
6121227
6139681
6140699
6199290
6206649
6222294
6222942
6224051
6229654
6235722
6240226
6253122
6253229
6264032
5977697
5993076
6086265
6204554
6217323
6262501
6273582
5799374
6056787
6093652
6241095
6271676
4005238
5255121
5521778
5585155
5590667
5774846
5954535
5955121
6118035
6129216
6178264
6187271
6201335
6206044
6212308
6212736
6212820
6213982
6216882
6217230
6217616
6218810
6219537
6224804
6228179
6228998
6229401
6230476
6235155
6253553
6253992
6258862
6265709
6261482
6274786
5876468
5899084
6236862
5255161
5255574
5460519
5575110
5755359
5755377
5798040
5937600
5971208
6084628
6085185
6143758
6201674
6205561
6269625
6237408
5268389
6273577
6195240
6201203
6239263
6258275
6262032
6262746
6237034
5701670
5939429
6005429
6062326
6175553
6225270
6250907
6242042
5042541
6149719
6183689
6277529
6055736
6268010
4848653
4848510
5606196
5637692
6178043
